,Attrition
112,0.0
133,0.0
208,0.0
1466,0.0
802,0.0
1099,0.0
663,1.0
348,0.0
601,0.0
187,0.0
1140,0.0
991,0.0
690,0.0
565,0.0
776,1.0
237,0.0
249,0.0
694,0.0
261,0.0
907,0.0
636,1.0
773,0.0
371,0.0
1214,0.0
1259,0.0
491,0.0
716,0.0
1048,0.0
1338,1.0
652,0.0
291,0.0
351,0.0
829,1.0
674,0.0
611,0.0
1453,0.0
400,0.0
417,0.0
862,0.0
1455,0.0
546,0.0
439,1.0
490,0.0
680,0.0
334,0.0
962,0.0
632,0.0
229,1.0
881,0.0
573,1.0
693,1.0
39,0.0
891,0.0
579,0.0
306,0.0
481,0.0
435,1.0
205,1.0
243,0.0
1217,0.0
1415,0.0
1329,0.0
949,0.0
244,0.0
376,0.0
431,0.0
734,0.0
772,0.0
100,1.0
398,0.0
1348,0.0
738,0.0
59,0.0
859,0.0
391,0.0
298,0.0
1256,0.0
443,1.0
145,0.0
529,0.0
1207,0.0
158,0.0
440,1.0
141,0.0
1,0.0
1168,0.0
591,1.0
1379,1.0
1337,0.0
278,0.0
794,0.0
245,0.0
804,0.0
1094,0.0
932,1.0
402,0.0
657,0.0
41,0.0
1258,0.0
626,0.0
25,0.0
768,0.0
1022,0.0
741,0.0
1049,0.0
285,0.0
1137,0.0
1184,0.0
681,0.0
195,0.0
344,0.0
1062,0.0
774,0.0
589,1.0
248,0.0
572,0.0
861,0.0
857,1.0
1162,1.0
462,0.0
467,0.0
678,0.0
84,0.0
719,0.0
44,0.0
1010,0.0
47,0.0
55,0.0
548,0.0
317,1.0
394,0.0
1468,0.0
1045,0.0
1368,0.0
592,0.0
1464,0.0
196,0.0
983,0.0
130,0.0
236,1.0
695,1.0
1046,0.0
1281,1.0
240,0.0
602,0.0
419,0.0
430,0.0
965,0.0
967,0.0
1465,0.0
356,0.0
1327,0.0
314,0.0
1187,0.0
925,0.0
433,0.0
992,0.0
860,1.0
390,0.0
472,0.0
123,0.0
995,0.0
434,0.0
1100,0.0
361,0.0
1383,0.0
18,0.0
156,0.0
1402,0.0
544,0.0
1201,1.0
1118,0.0
1150,0.0
784,0.0
696,0.0
877,0.0
692,0.0
832,0.0
662,1.0
61,0.0
271,1.0
446,0.0
555,0.0
1044,0.0
1437,0.0
1128,0.0
830,0.0
1175,0.0
1340,0.0
153,0.0
725,1.0
200,0.0
870,0.0
1130,0.0
441,0.0
1239,0.0
566,1.0
940,1.0
1419,0.0
775,0.0
42,1.0
48,0.0
199,0.0
125,0.0
131,0.0
358,0.0
835,0.0
1211,0.0
363,1.0
1009,0.0
511,0.0
858,0.0
359,0.0
19,0.0
1358,0.0
51,1.0
349,0.0
500,0.0
247,0.0
1245,0.0
29,0.0
364,0.0
1059,0.0
509,0.0
71,0.0
1221,0.0
1033,1.0
17,0.0
1085,1.0
16,0.0
62,0.0
722,0.0
918,0.0
1438,1.0
1228,0.0
4,0.0
5,0.0
1320,0.0
1181,0.0
762,1.0
1448,0.0
383,0.0
633,0.0
1286,0.0
496,0.0
559,0.0
1112,1.0
392,0.0
316,0.0
896,0.0
624,0.0
1052,0.0
498,0.0
116,0.0
34,1.0
1041,0.0
1406,0.0
1408,0.0
307,0.0
547,1.0
841,0.0
978,0.0
1297,1.0
372,0.0
46,0.0
1366,0.0
1382,0.0
332,0.0
1076,0.0
492,0.0
1422,0.0
272,0.0
786,0.0
540,1.0
1400,0.0
493,0.0
486,0.0
688,1.0
296,1.0
1335,0.0
730,0.0
817,0.0
284,0.0
176,0.0
210,1.0
537,0.0
815,0.0
581,0.0
666,1.0
684,0.0
0,1.0
412,0.0
645,1.0
1119,0.0
455,0.0
656,1.0
110,0.0
902,0.0
895,0.0
521,0.0
613,0.0
122,1.0
1267,0.0
148,0.0
1293,0.0
1000,0.0
78,0.0
630,0.0
1198,0.0
1253,0.0
713,0.0
52,0.0
1315,0.0
793,0.0
675,0.0
1202,0.0
9,0.0
1268,0.0
1148,0.0
934,0.0
1269,0.0
1097,0.0
1352,0.0
643,0.0
97,0.0
483,0.0
1284,0.0
1226,0.0
707,0.0
683,1.0
1377,0.0
1103,0.0
213,0.0
665,0.0
1153,1.0
1457,0.0
781,0.0
1028,0.0
63,0.0
1088,0.0
993,0.0
1436,0.0
854,0.0
912,0.0
280,0.0
761,1.0
795,0.0
193,0.0
504,1.0
851,0.0
1025,0.0
1247,0.0
1113,0.0
146,0.0
1278,0.0
595,1.0
1188,0.0
109,0.0
1356,0.0
764,0.0
1019,0.0
320,0.0
232,0.0
13,0.0
198,0.0
106,0.0
454,0.0
377,0.0
437,0.0
1314,0.0
1092,0.0
1218,0.0
977,0.0
507,0.0
1249,1.0
1056,1.0
1177,0.0
855,0.0
567,0.0
948,0.0
401,0.0
1133,0.0
204,1.0
1136,1.0
944,0.0
1122,0.0
1426,0.0
974,0.0
406,0.0
1002,0.0
1037,0.0
179,0.0
1080,0.0
655,0.0
157,0.0
946,1.0
308,0.0
699,0.0
748,1.0
382,1.0
381,0.0
1082,0.0
346,0.0
132,1.0
560,0.0
701,0.0
575,0.0
1114,0.0
233,0.0
1051,0.0
1190,0.0
1361,0.0
32,0.0
1219,0.0
771,0.0
411,0.0
785,0.0
1347,0.0
458,0.0
586,0.0
508,0.0
326,0.0
1171,1.0
1372,0.0
970,0.0
487,0.0
1367,0.0
489,0.0
37,0.0
124,1.0
313,0.0
1364,0.0
257,0.0
395,0.0
729,0.0
171,1.0
1380,0.0
759,0.0
1354,1.0
797,1.0
563,0.0
650,0.0
427,0.0
223,0.0
92,0.0
389,0.0
668,0.0
477,0.0
1306,0.0
1319,0.0
850,0.0
68,0.0
53,0.0
469,1.0
1291,1.0
67,0.0
952,1.0
1272,0.0
380,0.0
355,0.0
460,0.0
789,1.0
1288,0.0
926,0.0
769,0.0
1430,0.0
852,0.0
766,0.0
641,0.0
40,0.0
1183,0.0
1074,0.0
117,0.0
1031,1.0
1139,0.0
976,0.0
50,1.0
66,0.0
86,0.0
763,0.0
159,0.0
250,1.0
1001,0.0
612,0.0
1141,0.0
168,0.0
1405,0.0
341,0.0
1165,0.0
961,0.0
1144,0.0
1027,0.0
340,0.0
1255,1.0
1316,0.0
1265,0.0
1143,0.0
1012,1.0
167,0.0
111,1.0
808,0.0
1292,0.0
1252,0.0
424,0.0
718,0.0
658,0.0
810,0.0
1172,0.0
480,1.0
915,1.0
138,0.0
687,0.0
70,0.0
621,0.0
1456,0.0
1032,1.0
1401,0.0
1351,0.0
1254,0.0
1050,0.0
933,0.0
564,0.0
923,0.0
1215,0.0
36,1.0
814,0.0
1106,1.0
669,1.0
1225,0.0
513,1.0
225,0.0
1196,0.0
1310,0.0
1174,0.0
742,0.0
1058,1.0
1428,0.0
702,0.0
1378,0.0
281,0.0
1392,0.0
1117,0.0
737,0.0
880,0.0
57,0.0
150,0.0
328,0.0
1167,1.0
827,0.0
484,0.0
584,0.0
331,0.0
679,0.0
459,0.0
916,0.0
1178,0.0
1170,0.0
268,0.0
1004,0.0
697,0.0
920,0.0
1115,0.0
1129,0.0
1261,0.0
523,0.0
884,0.0
415,1.0
556,0.0
878,0.0
1446,0.0
1262,1.0
1189,0.0
587,0.0
1057,1.0
202,0.0
532,0.0
305,0.0
1007,1.0
295,0.0
1236,1.0
466,0.0
691,0.0
1204,1.0
373,0.0
914,0.0
525,1.0
107,1.0
1270,0.0
140,1.0
600,0.0
590,0.0
689,1.0
1384,0.0
1344,0.0
1110,1.0
654,0.0
354,0.0
1180,0.0
1086,0.0
1418,0.0
964,0.0
708,0.0
726,0.0
752,1.0
1152,0.0
750,0.0
27,0.0
897,0.0
757,0.0
22,0.0
216,1.0
616,0.0
901,0.0
219,0.0
429,0.0
1321,0.0
648,0.0
227,0.0
516,0.0
234,1.0
569,0.0
574,0.0
1381,0.0
1173,0.0
215,0.0
639,0.0
971,0.0
585,1.0
541,0.0
451,0.0
1410,0.0
745,0.0
638,0.0
1068,1.0
1251,0.0
1432,0.0
744,1.0
1107,0.0
147,0.0
984,0.0
273,0.0
186,0.0
1393,0.0
969,0.0
1350,0.0
981,1.0
1333,1.0
312,0.0
790,0.0
733,0.0
740,0.0
121,0.0
883,0.0
1210,0.0
1370,0.0
1095,0.0
506,0.0
955,0.0
300,0.0
1386,0.0
360,0.0
1154,0.0
755,0.0
64,0.0
844,0.0
557,0.0
1317,0.0
1318,0.0
1093,0.0
1194,0.0
596,0.0
1362,0.0
999,0.0
1376,0.0
385,1.0
203,0.0
1331,0.0
989,0.0
1111,1.0
1299,0.0
545,0.0
275,0.0
1078,0.0
329,0.0
1134,0.0
1441,0.0
1336,0.0
842,1.0
1089,0.0
990,0.0
170,0.0
119,0.0
1146,0.0
831,1.0
327,1.0
876,0.0
1266,0.0
1301,0.0
1227,0.0
659,0.0
875,0.0
634,0.0
889,0.0
366,1.0
1260,0.0
1373,0.0
482,1.0
252,0.0
863,0.0
26,1.0
824,0.0
1081,0.0
982,0.0
1264,0.0
28,0.0
828,1.0
561,0.0
1275,0.0
1304,0.0
8,0.0
987,0.0
783,0.0
1444,1.0
452,0.0
85,0.0
1003,0.0
558,0.0
251,0.0
839,0.0
522,0.0
660,1.0
311,0.0
1325,0.0
1303,0.0
647,0.0
333,0.0
610,0.0
1023,0.0
1414,0.0
33,1.0
792,1.0
723,0.0
906,0.0
6,0.0
1431,0.0
174,0.0
1123,0.0
623,0.0
1276,0.0
82,0.0
542,0.0
1343,0.0
872,0.0
224,0.0
562,1.0
74,0.0
1440,0.0
139,0.0
836,1.0
282,0.0
517,0.0
1462,0.0
670,0.0
796,1.0
576,0.0
887,0.0
526,0.0
410,0.0
1300,0.0
715,0.0
1263,0.0
672,0.0
217,1.0
1197,0.0
1390,1.0
258,0.0
1015,0.0
1179,0.0
1459,0.0
1203,0.0
664,0.0
98,0.0
485,0.0
1156,0.0
1375,1.0
163,0.0
754,0.0
1277,0.0
399,0.0
798,1.0
614,1.0
731,1.0
79,0.0
1326,1.0
135,0.0
840,0.0
1439,0.0
447,0.0
1064,0.0
1135,0.0
169,0.0
931,0.0
549,0.0
1469,0.0
799,0.0
265,0.0
873,0.0
201,0.0
1311,0.0
374,0.0
1151,0.0
397,0.0
577,0.0
1212,0.0
1011,0.0
72,0.0
743,0.0
267,0.0
941,0.0
826,0.0
847,0.0
1005,0.0
921,0.0
1279,1.0
717,0.0
497,0.0
1060,1.0
972,0.0
910,0.0
570,0.0
1091,0.0
1434,0.0
899,0.0
287,0.0
536,0.0
1013,0.0
888,0.0
1157,0.0
1274,0.0
1079,0.0
1339,1.0
1070,0.0
1087,0.0
1394,0.0
649,0.0
1192,0.0
113,0.0
1224,0.0
1289,0.0
838,1.0
1073,0.0
900,0.0
1416,0.0
535,0.0
885,0.0
975,1.0
606,0.0
45,1.0
11,0.0
404,0.0
765,0.0
448,0.0
1067,0.0
598,1.0
43,0.0
1413,0.0
514,1.0
1250,0.0
837,0.0
945,0.0
1109,0.0
935,0.0
671,0.0
1104,0.0
479,1.0
938,0.0
77,0.0
1017,0.0
1330,0.0
212,0.0
1030,0.0
578,0.0
